3859411499
[BEGIN]
[ROSANNA_VERSION]
31300
[APPLICATION]
BRAIN
[ROSANNA_OPTIONS]
111111000001
[IMG_CONF]
-1
[IMAGERY]
7
[IMAGERY_TYPE]
3D
[MODALITY]
CT
[IMAGERY_NAME]
CTA^preop
[PATIENT_NAME]
BJH005
[PATIENT_BIRTHDAY]
19000101
[SERIE_UID]
1.3.12.2.1107.5.1.4.95844.30000021012909110019500023495
[SERIE_DATE]
20210129
[TRdicomRdisplay]
1
1.000000 0.000000 0.000000 0.000000 0.000000 1.000000 0.000000 0.000000 0.000000 0.000000 1.000000 0.000000 0.000000 0.000000 0.000000 1.000000 
[VOLUME]
\DICOM\1.3.12.2.1107.5.1.4.95844.30000021012909110019500023495\CTApreop
[CONTRAST]
3
Standard^contrast^0 40.000000 350.000000 -1024 3071 0
Standard^contrast^1 450.000000 1500.000000 -1024 3071 0
Contrast^1 450.000000 2420.801758 -1024 3071 1
[3D_THRESHOLD]
-135
-206
[IMAGERY_3DREF]
0
[IMAGERY_TYPE]
3D
[MODALITY]
MR3D
[IMAGERY_NAME]
cT1^preop
[PATIENT_NAME]
BJH005
[PATIENT_BIRTHDAY]
19000101
[SERIE_UID]
1.3.12.2.1107.5.2.19.45369.2021012814555934271011574.0.0.0
[SERIE_DATE]
20210128
[TRdicomRdisplay]
1
0.998467 0.052273 -0.018220 -4.792941 -0.054777 0.885415 -0.461562 -11.989521 -0.007995 0.461852 0.886921 -16.800505 0.000000 0.000000 0.000000 1.000000 
[VOLUME]
\DICOM\1.3.12.2.1107.5.2.19.45369.2021012814555934271011574.0.0.0\cT1preop
[CONTRAST]
1
Standard^contrast^0 158.000000 380.000000 0 1787 0
[3D_THRESHOLD]
62
62
[IMAGERY_3DREF]
0
[IMAGERY_TYPE]
3D
[MODALITY]
MR3D
[IMAGERY_NAME]
FLAIR^preop
[PATIENT_NAME]
BJH005
[PATIENT_BIRTHDAY]
19000101
[SERIE_UID]
1.3.12.2.1107.5.2.19.46220.2021012813114321247945898.0.0.0
[SERIE_DATE]
20210128
[TRdicomRdisplay]
1
0.990809 0.134869 -0.010371 -3.535470 -0.118287 0.826692 -0.550081 -1.917565 -0.065615 0.546252 0.835047 -20.059865 0.000000 0.000000 0.000000 1.000000 
[VOLUME]
\DICOM\1.3.12.2.1107.5.2.19.46220.2021012813114321247945898.0.0.0\FLAIRpreop
[CONTRAST]
1
Standard^contrast 257.000000 514.000000 0 514 0
[3D_THRESHOLD]
82
82
[IMAGERY_3DREF]
0
[IMAGERY_TYPE]
3D
[MODALITY]
MR3D
[IMAGERY_NAME]
T1^preop
[PATIENT_NAME]
BJH005
[PATIENT_BIRTHDAY]
19000101
[SERIE_UID]
1.3.12.2.1107.5.2.32.35064.2020080408583859736603870.0.0.0
[SERIE_DATE]
20200804
[TRdicomRdisplay]
1
0.998291 0.035867 -0.046147 -0.368581 -0.054380 0.859349 -0.508490 15.367784 0.021418 0.510131 0.859830 -31.974275 0.000000 0.000000 0.000000 1.000000 
[VOLUME]
\DICOM\1.3.12.2.1107.5.2.32.35064.2020080408583859736603870.0.0.0\T1preop
[CONTRAST]
1
Standard^contrast^0 426.000000 906.000000 0 1222 0
[3D_THRESHOLD]
162
162
[IMAGERY_3DREF]
0
[IMAGERY_TYPE]
3D
[MODALITY]
CT
[IMAGERY_NAME]
oarm^pre
[PATIENT_NAME]
Richardson^Debra^
[PATIENT_BIRTHDAY]
^
[SERIE_UID]
1.2.826.0.1.3680043.2.1290.2437.2.20210201125138060
[SERIE_DATE]
20210201
[TRdicomRdisplay]
1
0.995023 0.053875 -0.083830 -0.518941 -0.096921 0.718726 -0.688505 -3.064167 0.023158 0.693203 0.720371 -5.988078 0.000000 0.000000 0.000000 1.000000 
[VOLUME]
\DICOM\1.2.826.0.1.3680043.2.1290.2437.2.20210201125138060\oarmpre
[CONTRAST]
1
Standard^contrast^0 1023.000000 4095.000000 -1024 3071 0
[3D_THRESHOLD]
-531
-531
[IMAGERY_3DREF]
1
[IMAGERY_TYPE]
3D
[MODALITY]
CT
[IMAGERY_NAME]
Post-OP^CT
[PATIENT_NAME]
BJH005^^
[PATIENT_BIRTHDAY]
19000101
[SERIE_UID]
1.3.12.2.1107.5.1.4.95844.30000021020108271854500032499
[SERIE_DATE]
20210201
[TRdicomRdisplay]
1
0.978951 0.166056 -0.118660 -8.701634 -0.198075 0.913168 -0.356216 1.797188 0.049205 0.372222 0.926839 -6.335618 0.000000 0.000000 0.000000 1.000000 
[VOLUME]
\DICOM\1.3.12.2.1107.5.1.4.95844.30000021020108271854500032499\Post-OPCT
[CONTRAST]
2
Standard^contrast^0 35.000000 280.000000 -1024 3071 0
Standard^contrast^1 400.000000 3000.000000 -1024 3071 0
[3D_THRESHOLD]
-105
-105
[IMAGERY_3DREF]
0
[IMAGERY_TYPE]
3D
[MODALITY]
MR3D
[IMAGERY_NAME]
T2
[PATIENT_NAME]
BJH005^^
[PATIENT_BIRTHDAY]
19000101
[SERIE_UID]
1.3.12.2.1107.5.2.19.45369.2021012814523329041410940.0.0.0
[SERIE_DATE]
20210128
[TRdicomRdisplay]
1
0.997968 0.059328 -0.023236 -4.733377 -0.063375 0.886635 -0.458106 -12.422044 -0.006576 0.458648 0.888594 -12.634877 0.000000 0.000000 0.000000 1.000000 
[VOLUME]
\DICOM\1.3.12.2.1107.5.2.19.45369.2021012814523329041410940.0.0.0\T2
[CONTRAST]
1
Standard^contrast^0 802.000000 1848.000000 0 2991 0
[3D_THRESHOLD]
447
447
[IMAGERY_3DREF]
0
[TRAJECTORY]
15
A^aOF-FrPole 0 6168997 1 -54.914900 -42.121190 -39.100850 1 -9.351710 -66.694010 -42.611270 200.000000 7.000000
[SECURITY_ZONE]
0.00 10.00 10.00
[ELLIPS]
0
B^mOF-GR 0 16630109 1 -55.358940 -36.012220 -34.591110 1 -5.599920 -43.341040 -46.432860 200.000000 7.000000
[SECURITY_ZONE]
0.00 10.00 10.00
[ELLIPS]
0
C^pOrb-sgCg 0 39168 1 -56.555700 -29.971370 -27.058160 1 -5.509910 -34.165760 -36.280040 200.000000 7.000000
[SECURITY_ZONE]
0.00 10.00 10.00
[ELLIPS]
0
D^pTri-aIns-Pirif 0 10027161 1 -59.497430 -30.937160 -9.427130 1 -18.353420 -16.062370 -38.975700 200.000000 7.000000
[SECURITY_ZONE]
0.00 10.00 10.00
[ELLIPS]
0
E^aMFG-aCg 0 26367 1 -55.090130 -49.648330 -12.983120 1 -10.776280 -50.106010 -28.139640 200.000000 7.000000
[SECURITY_ZONE]
0.00 10.00 10.00
[ELLIPS]
0
F^mMFG-dCg 0 16763904 1 -53.637940 -39.144390 0.915290 1 -10.738090 -49.030780 -6.210890 200.000000 7.000000
[SECURITY_ZONE]
0.00 10.00 10.00
[ELLIPS]
0
G^pMFG-dCg 0 3407616 1 -52.127860 -33.739810 12.914590 1 -8.315610 -37.938440 9.386160 200.000000 7.000000
[SECURITY_ZONE]
0.00 10.00 10.00
[ELLIPS]
0
H^MFG-aSFG-preSMA 0 13369599 1 -46.658490 -29.511060 28.466280 1 -9.146250 -29.649180 30.860060 200.000000 7.000000
[SECURITY_ZONE]
0.00 10.00 10.00
[ELLIPS]
0
I^MFG-pSFG-SMA 0 13172735 1 -47.006260 -17.471590 35.473050 1 -6.333340 -16.397020 36.958280 200.000000 7.000000
[SECURITY_ZONE]
0.00 10.00 10.00
[ELLIPS]
0
J^MTG-Amy 0 16748994 1 -61.497420 -1.643930 -34.471460 1 -18.376140 -3.123870 -39.062060 200.000000 7.000000
[SECURITY_ZONE]
0.00 10.00 10.00
[ELLIPS]
0
K^SFG-aCg-FrPole 0 4626120 1 -19.655270 -58.952400 25.041360 1 -9.657270 -56.302730 -51.481020 200.000000 7.000000
[SECURITY_ZONE]
0.00 10.00 10.00
[ELLIPS]
0
L^SFG-preSMA-dCg 0 8688127 1 -16.018500 -42.721610 41.049990 1 -8.717120 -27.195500 6.655080 200.000000 7.000000
[SECURITY_ZONE]
0.00 10.00 10.00
[ELLIPS]
0
M^SFG-SMA-mCg 0 13303378 1 -19.982660 -27.567860 49.931570 1 -7.574810 -14.601290 11.337970 200.000000 7.000000
[SECURITY_ZONE]
0.00 10.00 10.00
[ELLIPS]
0
N^MFG-pOperSPECT-STG 0 16748936 1 -36.939540 -33.717680 35.965560 1 -53.693860 -13.455530 -37.453350 200.000000 7.000000
[SECURITY_ZONE]
0.00 10.00 10.00
[ELLIPS]
0
O^pOpercSPECT-mIns 0 10079999 1 -62.548580 -9.531400 -12.008500 1 -31.671600 -9.829780 -11.509980 200.000000 7.000000
[SECURITY_ZONE]
0.00 10.00 10.00
[ELLIPS]
0
[MARKER]
0
[ROI]
1
[ACPC]
AC 1 -3.678180 -13.328267 -23.870051
PC 1 -1.419197 9.750213 -15.282709
IH 1 -4.975893 -26.209279 44.023622
24.727751
[ATLAS]
0
[FRAME]
[FRAME_TYPE]
Leksell
[TRdicom0Rframe]
1
0.996823 -0.047187 0.065296 -106.511449 -0.078443 -0.710397 0.699507 2.751285 0.014452 -0.702200 -0.711644 119.827506 0.000000 0.000000 0.000000 1.000000 
[ROBOT]
[TRRobRDisplay]
1
1
-0.152314 0.533410 -0.832003 815.561110 0.895633 -0.282268 -0.345341 -8.320578 -0.417730 -0.797291 -0.434489 -145.603281 0.000000 0.000000 -0.000000 1.000000 
[REGISTRATION_TYPE]
4
[REGISTRATION_ROBOT_ERROR]
0.47
[REGISTRATION_3D_FRAME_ERROR]
0.30
[REGISTRATION_2D_ERROR]
-1.00
-1.00
[END]
